 242 255 255 255 255 255 251 243 246 249 254 255 255 255 255 255
 252 255 255 255 241 170 113 107 114 117 141 216 251 255 255 255
 252 255 255 240 109 134 218 252 255 252 225  85 175 254 255 255
 251 255 237  79  27 176 253 255 255 255 184  27  24 163 254 249
 249 255 126  86  31  26 191 253 255 172  38  20 174 145 227 253
 249 230  90 251 139  25  32 156 181  32  18 154 255 205 155 254
 247 171 116 255 254 174  36  19  23  17 135 247 255 245 100 251
 246 143 160 255 255 255 151  16  14  41 237 255 255 254 140 251
 245 171 162 255 255 229  76  16  21  17 105 244 255 255 137 251
 251 225 121 254 232  62  17  89 182  54  17 102 250 242 142 250
 253 251 103 202  79  19  90 239 255 207  54  17 104 130 196 254
 252 255 211  46  19  77 247 255 255 255 223  73  17 156 253 255
 252 255 255 188  35 167 255 255 255 255 243 149 131 254 255 255
 250 255 255 254 201 115 116 161 170 134 116 198 254 255 255 252
 249 255 255 255 255 254 240 210 209 235 254 255 255 255 255 247
 210 226 225 222 217 213 209 225 239 237 235 233 232 230 229 218
 194 207 208 208 208 207 207 207 207 205 208 209 211 212 212 211
 199 210 211 209 202 148  98  83  85  91 114 181 208 213 213 213
 201 211 211 202  96 102 173 205 209 206 178  75 153 209 212 215
 203 211 197  70  25 151 207 211 211 211 156  26  22 138 209 207
 200 210 110  62  22  26 162 208 211 145  35  17 133 110 186 208
 199 189  78 197 101  21  32 137 152  27  16 113 208 161 128 207
 197 142  96 207 206 132  26  17  20  14 102 199 210 199  90 203
 198 121 131 208 211 208 120  15  13  40 197 210 211 208 117 202
 195 136 136 208 210 192  66  14  16  16  95 203 211 210 113 204
 200 175 106 206 194  52  17  66 138  36  17  94 204 197 114 202
 203 202  85 167  71  16  67 192 211 158  38  17  94 109 152 207
 203 209 164  35  18  59 198 209 212 210 175  51  15 118 206 210
 204 211 210 147  24 141 208 211 211 211 201 122  93 206 211 212
 201 208 211 209 152  84  96 135 140 105  85 147 206 212 212 209
 201 209 208 208 209 207 188 159 158 185 207 210 211 212 211 202
 179 193 191 190 188 182 181 197 203 204 202 200 199 199 197 184
 158 165 166 165 166 168 172 174 175 171 168 167 170 170 171 173
 163 166 168 167 166 123  74  54  55  58  83 150 171 171 171 173
 165 166 168 169  76  73 133 162 166 163 140  55 127 170 172 173
 163 167 162  55  18 127 170 171 170 172 132  19  10 109 170 169
 163 168  82  35   8  16 137 172 172 124  28   9  97  73 148 169
 162 153  52 158  67   9  24 116 131  21   8  81 167 124  90 171
 161 109  68 168 163  94  11  12  16   9  70 159 171 162  53 169
 161  89 100 166 167 167  94  10   9  30 162 172 172 171  82 167
 159 100 107 169 170 164  52   8   5   9  76 168 171 171  79 169
 163 138  77 168 163  41  11  43  99  15   8  77 169 165  81 168
 165 163  51 140  56  10  45 154 168 120  16  11  77  89 116 168
 165 167 125  13  10  39 161 171 169 170 135  29   9  88 167 172
 164 167 167 107   5 115 172 171 173 173 170  96  63 167 170 172
 164 168 168 167 113  53  70 109 118  84  56 111 167 172 172 172
 165 170 170 170 170 170 147 120 120 145 163 169 174 172 172 167
 154 166 165 164 159 158 157 172 176 174 171 171 172 171 172 162

 255 255 255 249 253 254 251 251 251 250 254 255 255 252 247 218
 255 255 255 254 227 155 100 140 137 142 196 253 255 255 255 229
 255 255 254 163 145 205 245 254 255 242 130 156 254 255 255 230
 255 251 175  24 174 255 255 255 255 250 104  17 131 254 255 232
 255 216  85  27  20 154 247 255 244 102  17  73 149 198 255 233
 254 141 225 184  38  18 135 237 105  17  54 223 243 116 254 235
 249 117 252 255 172  32  17  41  17  54 207 255 255 134 235 237
 246 114 255 255 255 181  23  14  21 182 255 255 255 170 209 239
 243 107 252 255 253 156  19  16  16  89 239 255 255 161 210 225
 251 113 218 253 191  32  36 151  76  17  90 247 255 116 240 209
 255 170 134 176  26  25 174 255 229  62  19  77 167 115 254 213
 255 241 109  27  31 139 254 255 255 232  79  19  35 201 255 217
 255 255 240  79  86 251 255 255 255 254 202  46 188 254 255 222
 255 255 255 237 126  90 116 160 162 121 103 211 255 255 255 225
 255 255 255 255 255 230 171 143 171 225 251 255 255 255 255 226
 242 252 252 251 249 249 247 246 245 251 253 252 252 250 249 210
 211 213 215 207 208 207 203 202 204 202 207 210 212 209 202 184
 212 213 212 209 186 128  90 117 113 114 152 206 211 212 211 197
 212 213 209 138 110 161 199 208 210 197 109 118 206 212 212 199
 211 208 153  22 133 208 210 211 211 204  94  15  93 206 211 199
 209 181  75  26  17 113 199 210 203  94  17  51 122 147 210 200
 208 114 178 156  35  16 102 197  95  17  38 175 201  85 207 202
 205  91 206 211 145  27  14  40  16  36 158 210 211 105 185 204
 207  85 209 211 211 152  20  13  16 138 211 212 211 140 158 203
 207  83 205 211 208 137  17  15  14  66 192 209 211 135 159 197
 207  98 173 207 162  32  26 120  66  17  67 198 208  96 188 181
 207 148 102 151  26  21 132 208 192  52  16  59 141  84 207 182
 208 202  96  25  22 101 206 211 210 194  71  18  24 152 209 188
 208 209 202  70  62 197 207 208 208 206 167  35 147 209 208 190
 208 211 211 197 110  78  96 131 136 106  85 164 210 211 208 191
 207 210 211 211 210 189 142 121 136 175 202 209 211 208 209 193
 194 199 201 203 200 199 197 198 195 200 203 203 204 201 201 179
 173 173 173 169 169 171 169 167 169 168 168 172 172 172 167 162
 171 171 172 170 148  90  53  82  79  81 116 167 170 172 172 172
 170 171 170 109  73 124 162 171 171 165  89  88 167 172 172 171
 170 171 127  10  97 167 171 172 171 169  77   9  63 167 174 172
 167 150  55  19   9  81 159 172 168  77  11  29  96 111 169 171
 168  83 140 132  28   8  70 162  76   8  16 135 170  56 163 171
 171  58 163 172 124  21   9  30   9  15 120 170 173  84 145 174
 175  55 166 170 172 131  16   9   5  99 168 169 173 118 120 176
 174  54 162 171 172 116  12  10   8  43 154 171 171 109 120 172
 172  74 133 170 137  24  11  94  52  11  45 161 172  70 147 157
 168 123  73 127  16   9  94 167 164  41  10  39 115  53 170 158
 166 166  76  18   8  67 163 167 170 163  56  10   5 113 170 159
 165 167 169  55  35 158 168 166 169 168 140  13 107 167 170 164
 166 168 168 162  82  52  68 100 107  77  51 125 167 168 170 165
 165 166 166 167 168 153 109  89 100 138 163 167 167 168 170 166
 158 163 165 163 163 162 161 161 159 163 165 165 164 164 165 154

 218 229 230 232 233 235 237 239 225 209 213 217 222 225 226 210
 247 255 255 255 255 254 235 209 210 240 254 255 255 255 255 249
 252 255 255 254 198 116 134 170 161 116 115 201 254 255 255 250
 255 255 254 131 149 243 255 255 255 255 167  35 188 255 255 252
 255 253 156  17  73 223 255 255 255 247  77  19  46 211 255 252
 254 196 130 104  17  54 207 255 239  90  19  79 202 103 251 253
 250 142 242 250 102  17  54 182  89  17  62 232 254 121 225 251
 251 137 255 255 244 105  17  21  16  76 229 255 255 162 171 245
 251 140 254 255 255 237  41  14  16 151 255 255 255 160 143 246
 251 100 245 255 247 135  17  23  19  36 174 254 255 116 171 247
 254 155 205 255 154  18  32 181 156  32  25 139 251  90 230 249
 253 227 145 174  20  38 172 255 253 191  26  31  86 126 255 249
 249 254 163  24  27 184 255 255 255 253 176  27  79 237 255 251
 255 255 254 175  85 225 252 255 252 218 134 109 240 255 255 252
 255 255 255 251 216 141 117 114 107 113 170 241 255 255 255 252
 255 255 255 255 255 254 249 246 243 251 255 255 255 255 255 242
 184 197 199 199 200 202 204 203 197 181 182 188 190 191 193 179
 202 211 212 211 210 207 185 158 159 188 207 209 208 208 209 201
 209 212 212 206 147  85 105 140 135  96  84 152 209 211 208 201
 212 211 206  93 122 201 211 211 211 208 141  24 147 210 211 204
 210 206 118  15  51 175 210 212 209 198  59  18  35 164 209 203
 207 152 109  94  17  38 158 211 192  67  16  71 167  85 202 203
 202 114 197 204  94  17  36 138  66  17  52 194 206 106 175 200
 204 113 210 211 203  95  16  16  14  66 192 210 208 136 136 195
 202 117 208 211 210 197  40  13  15 120 208 211 208 131 121 198
 203  90 199 210 199 102  14  20  17  26 132 206 207  96 142 197
 207 128 161 208 113  16  27 152 137  32  21 101 197  78 189 199
 208 186 110 133  17  35 145 211 208 162  26  22  62 110 210 200
 207 209 138  22  26 156 211 211 211 207 151  25  70 197 211 203
 215 212 209 153  75 178 206 209 205 173 102  96 202 211 211 201
 213 213 213 208 181 114  91  85  83  98 148 202 209 211 210 199
 211 212 212 211 209 208 205 207 207 207 207 208 208 208 207 194
 162 172 171 172 171 171 174 176 172 157 158 159 164 165 166 154
 167 172 172 174 169 163 145 120 120 147 170 170 170 170 170 165
 172 172 172 167 111  56  84 118 109  70  53 113 167 168 168 164
 172 170 167  63  96 170 173 173 171 172 115   5 107 167 167 164
 172 167  88   9  29 135 170 169 171 161  39  10  13 125 167 165
 168 116  89  77  11  16 120 168 154  45  10  56 140  51 163 165
 168  81 165 169  77   8  15  99  43  11  41 163 168  77 138 163
 169  79 171 171 168  76   9   5   8  52 164 170 169 107 100 159
 167  82 171 172 172 162  30   9  10  94 167 167 166 100  89 161
 169  53 162 171 159  70   9  16  12  11  94 163 168  68 109 161
 171  90 124 167  81   8  21 131 116  24   9  67 158  52 153 162
 169 148  73  97   9  28 124 172 172 137  16   8  35  82 168 163
 169 170 109  10  19 132 172 170 171 170 127  18  55 162 167 163
 173 172 170 127  55 140 163 166 162 133  73  76 169 168 166 165
 173 171 171 171 150  83  58  55  54  74 123 166 167 168 166 163
 173 171 170 170 167 168 171 175 174 172 168 166 165 166 165 158

 210 249 250 252 252 253 251 245 246 247 249 249 251 252 252 242
 226 255 255 255 255 251 225 171 143 171 230 255 255 255 255 255
 225 255 255 255 211 103 121 162 160 116  90 126 237 255 255 255
 222 255 254 188  46 202 254 255 255 255 251  86  79 240 255 255
 217 255 201  35  19  79 232 255 255 254 139  31  27 109 241 255
 213 254 115 167  77  19  62 229 255 174  25  26 176 134 170 255
 209 240 116 255 247  90  17  76 151  36  32 191 253 218 113 251
 225 210 161 255 255 239  89  16  16  19 156 253 255 252 107 243
 239 209 170 255 255 255 182  21  14  23 181 255 255 255 114 246
 237 235 134 255 255 207  54  17  41  17  32 172 255 252 117 249
 235 254 116 243 223  54  17 105 237 135  18  38 184 225 141 254
 233 255 198 149  73  17 102 244 255 247 154  20  27  85 216 255
 232 255 254 131  17 104 250 255 255 255 255 174  24 175 251 255
 230 255 255 254 156 130 242 255 254 245 205 145 163 254 255 255
 229 255 255 255 253 196 142 137 140 100 155 227 254 255 255 255
 218 247 252 255 255 254 250 251 251 251 254 253 249 255 255 255
 179 201 201 204 203 203 200 195 198 197 199 200 203 201 199 194
 193 209 208 211 209 202 175 136 121 142 189 210 211 211 210 207
 191 208 211 210 164  85 106 136 131  96  78 110 197 211 211 208
 190 208 209 147  35 167 206 208 208 207 197  62  70 202 209 208
 188 209 152  24  18  71 194 210 211 206 101  22  25  96 202 208
 182 207  84 141  59  16  52 192 208 132  21  26 151 102 148 207
 181 188  96 208 198  67  17  66 120  26  32 162 207 173  98 207
 197 159 135 211 209 192  66  14  15  17 137 208 211 205  83 207
 203 158 140 211 212 211 138  16  13  20 152 211 211 209  85 207
 204 185 105 211 210 158  36  16  40  14  27 145 211 206  91 205
 202 207  85 201 175  38  17  95 197 102  16  35 156 178 114 208
 200 210 147 122  51  17  94 203 210 199 113  17  26  75 181 209
 199 211 206  93  15  94 204 211 211 210 208 133  22 153 208 211
 199 212 212 206 118 109 197 210 208 199 161 110 138 209 213 212
 197 211 212 211 206 152 114 113 117  90 128 186 209 212 213 212
 184 202 209 212 210 207 202 204 202 203 207 208 207 215 213 211
 154 165 164 164 165 165 163 159 161 161 162 163 163 165 163 158
 166 170 168 167 167 163 138 100  89 109 153 168 167 166 166 165
 165 170 168 167 125  51  77 107 100  68  52  82 162 168 168 166
 164 170 167 107  13 140 168 169 166 168 158  35  55 169 167 165
 159 170 113   5  10  56 163 170 167 163  67   8  18  76 166 166
 158 170  53 115  39  10  41 164 167  94   9  16 127  73 123 168
 157 147  70 172 161  45  11  52  94  11  24 137 170 133  74 172
 172 120 109 171 171 154  43   8  10  12 116 172 171 162  54 174
 176 120 118 173 169 168  99   5   9  16 131 172 170 166  55 175
 174 145  84 173 170 120  15   9  30   9  21 124 172 163  58 171
 171 163  56 170 135  16   8  76 162  70   8  28 132 140  83 168
 171 169 111  96  29  11  77 168 172 159  81   9  19  55 150 167
 172 174 167  63   9  77 169 171 172 171 167  97  10 127 171 170
 171 172 172 167  88  89 165 171 171 162 124  73 109 170 171 170
 172 172 172 170 167 116  81  79  82  53  90 148 170 172 171 171
 162 167 172 172 172 168 168 169 167 169 171 169 169 173 173 173

